Minimum number of moves = 54

15 6 8 1 
4 14 5 3 
12 9 13 10 
2 7 11 0 

15 6 8 1 
4 14 5 3 
12 9 13 10 
2 7 0 11 

15 6 8 1 
4 14 5 3 
12 9 13 10 
2 0 7 11 

15 6 8 1 
4 14 5 3 
12 0 13 10 
2 9 7 11 

15 6 8 1 
4 14 5 3 
12 13 0 10 
2 9 7 11 

15 6 8 1 
4 14 5 3 
12 13 7 10 
2 9 0 11 

15 6 8 1 
4 14 5 3 
12 13 7 10 
2 0 9 11 

15 6 8 1 
4 14 5 3 
12 0 7 10 
2 13 9 11 

15 6 8 1 
4 14 5 3 
0 12 7 10 
2 13 9 11 

15 6 8 1 
4 14 5 3 
2 12 7 10 
0 13 9 11 

15 6 8 1 
4 14 5 3 
2 12 7 10 
13 0 9 11 

15 6 8 1 
4 14 5 3 
2 0 7 10 
13 12 9 11 

15 6 8 1 
4 0 5 3 
2 14 7 10 
13 12 9 11 

15 6 8 1 
4 5 0 3 
2 14 7 10 
13 12 9 11 

15 6 0 1 
4 5 8 3 
2 14 7 10 
13 12 9 11 

15 6 1 0 
4 5 8 3 
2 14 7 10 
13 12 9 11 

15 6 1 3 
4 5 8 0 
2 14 7 10 
13 12 9 11 

15 6 1 3 
4 5 0 8 
2 14 7 10 
13 12 9 11 

15 6 1 3 
4 5 7 8 
2 14 0 10 
13 12 9 11 

15 6 1 3 
4 5 7 8 
2 14 9 10 
13 12 0 11 

15 6 1 3 
4 5 7 8 
2 14 9 10 
13 0 12 11 

15 6 1 3 
4 5 7 8 
2 0 9 10 
13 14 12 11 

15 6 1 3 
4 0 7 8 
2 5 9 10 
13 14 12 11 

15 6 1 3 
0 4 7 8 
2 5 9 10 
13 14 12 11 

0 6 1 3 
15 4 7 8 
2 5 9 10 
13 14 12 11 

6 0 1 3 
15 4 7 8 
2 5 9 10 
13 14 12 11 

6 1 0 3 
15 4 7 8 
2 5 9 10 
13 14 12 11 

6 1 7 3 
15 4 0 8 
2 5 9 10 
13 14 12 11 

6 1 7 3 
15 0 4 8 
2 5 9 10 
13 14 12 11 

6 1 7 3 
0 15 4 8 
2 5 9 10 
13 14 12 11 

6 1 7 3 
2 15 4 8 
0 5 9 10 
13 14 12 11 

6 1 7 3 
2 15 4 8 
5 0 9 10 
13 14 12 11 

6 1 7 3 
2 15 4 8 
5 9 0 10 
13 14 12 11 

6 1 7 3 
2 15 4 8 
5 9 10 0 
13 14 12 11 

6 1 7 3 
2 15 4 0 
5 9 10 8 
13 14 12 11 

6 1 7 3 
2 15 0 4 
5 9 10 8 
13 14 12 11 

6 1 7 3 
2 0 15 4 
5 9 10 8 
13 14 12 11 

6 1 7 3 
0 2 15 4 
5 9 10 8 
13 14 12 11 

0 1 7 3 
6 2 15 4 
5 9 10 8 
13 14 12 11 

1 0 7 3 
6 2 15 4 
5 9 10 8 
13 14 12 11 

1 2 7 3 
6 0 15 4 
5 9 10 8 
13 14 12 11 

1 2 7 3 
0 6 15 4 
5 9 10 8 
13 14 12 11 

1 2 7 3 
5 6 15 4 
0 9 10 8 
13 14 12 11 

1 2 7 3 
5 6 15 4 
9 0 10 8 
13 14 12 11 

1 2 7 3 
5 6 15 4 
9 10 0 8 
13 14 12 11 

1 2 7 3 
5 6 0 4 
9 10 15 8 
13 14 12 11 

1 2 0 3 
5 6 7 4 
9 10 15 8 
13 14 12 11 

1 2 3 0 
5 6 7 4 
9 10 15 8 
13 14 12 11 

1 2 3 4 
5 6 7 0 
9 10 15 8 
13 14 12 11 

1 2 3 4 
5 6 7 8 
9 10 15 0 
13 14 12 11 

1 2 3 4 
5 6 7 8 
9 10 15 11 
13 14 12 0 

1 2 3 4 
5 6 7 8 
9 10 15 11 
13 14 0 12 

1 2 3 4 
5 6 7 8 
9 10 0 11 
13 14 15 12 

1 2 3 4 
5 6 7 8 
9 10 11 0 
13 14 15 12 

1 2 3 4 
5 6 7 8 
9 10 11 12 
13 14 15 0 
Minimum number of moves = 44

8 10 6 4 
1 15 12 11 
7 9 5 2 
13 3 14 0 

8 10 6 4 
1 15 12 11 
7 9 5 0 
13 3 14 2 

8 10 6 4 
1 15 12 0 
7 9 5 11 
13 3 14 2 

8 10 6 4 
1 15 0 12 
7 9 5 11 
13 3 14 2 

8 10 6 4 
1 0 15 12 
7 9 5 11 
13 3 14 2 

8 10 6 4 
1 9 15 12 
7 0 5 11 
13 3 14 2 

8 10 6 4 
1 9 15 12 
7 5 0 11 
13 3 14 2 

8 10 6 4 
1 9 0 12 
7 5 15 11 
13 3 14 2 

8 10 0 4 
1 9 6 12 
7 5 15 11 
13 3 14 2 

8 0 10 4 
1 9 6 12 
7 5 15 11 
13 3 14 2 

0 8 10 4 
1 9 6 12 
7 5 15 11 
13 3 14 2 

1 8 10 4 
0 9 6 12 
7 5 15 11 
13 3 14 2 

1 8 10 4 
9 0 6 12 
7 5 15 11 
13 3 14 2 

1 0 10 4 
9 8 6 12 
7 5 15 11 
13 3 14 2 

1 10 0 4 
9 8 6 12 
7 5 15 11 
13 3 14 2 

1 10 6 4 
9 8 0 12 
7 5 15 11 
13 3 14 2 

1 10 6 4 
9 0 8 12 
7 5 15 11 
13 3 14 2 

1 10 6 4 
9 5 8 12 
7 0 15 11 
13 3 14 2 

1 10 6 4 
9 5 8 12 
7 3 15 11 
13 0 14 2 

1 10 6 4 
9 5 8 12 
7 3 15 11 
13 14 0 2 

1 10 6 4 
9 5 8 12 
7 3 15 11 
13 14 2 0 

1 10 6 4 
9 5 8 12 
7 3 15 0 
13 14 2 11 

1 10 6 4 
9 5 8 12 
7 3 0 15 
13 14 2 11 

1 10 6 4 
9 5 8 12 
7 3 2 15 
13 14 0 11 

1 10 6 4 
9 5 8 12 
7 3 2 15 
13 14 11 0 

1 10 6 4 
9 5 8 12 
7 3 2 0 
13 14 11 15 

1 10 6 4 
9 5 8 0 
7 3 2 12 
13 14 11 15 

1 10 6 4 
9 5 0 8 
7 3 2 12 
13 14 11 15 

1 10 6 4 
9 5 2 8 
7 3 0 12 
13 14 11 15 

1 10 6 4 
9 5 2 8 
7 0 3 12 
13 14 11 15 

1 10 6 4 
9 5 2 8 
0 7 3 12 
13 14 11 15 

1 10 6 4 
0 5 2 8 
9 7 3 12 
13 14 11 15 

1 10 6 4 
5 0 2 8 
9 7 3 12 
13 14 11 15 

1 0 6 4 
5 10 2 8 
9 7 3 12 
13 14 11 15 

1 6 0 4 
5 10 2 8 
9 7 3 12 
13 14 11 15 

1 6 2 4 
5 10 0 8 
9 7 3 12 
13 14 11 15 

1 6 2 4 
5 10 3 8 
9 7 0 12 
13 14 11 15 

1 6 2 4 
5 10 3 8 
9 0 7 12 
13 14 11 15 

1 6 2 4 
5 0 3 8 
9 10 7 12 
13 14 11 15 

1 0 2 4 
5 6 3 8 
9 10 7 12 
13 14 11 15 

1 2 0 4 
5 6 3 8 
9 10 7 12 
13 14 11 15 

1 2 3 4 
5 6 0 8 
9 10 7 12 
13 14 11 15 

1 2 3 4 
5 6 7 8 
9 10 0 12 
13 14 11 15 

1 2 3 4 
5 6 7 8 
9 10 11 12 
13 14 0 15 

1 2 3 4 
5 6 7 8 
9 10 11 12 
13 14 15 0 

Minimum number of moves = 44

8 10 6 4 
1 15 12 11 
7 9 5 2 
13 3 14 0 

8 10 6 4 
1 15 12 11 
7 9 5 0 
13 3 14 2 

8 10 6 4 
1 15 12 0 
7 9 5 11 
13 3 14 2 

8 10 6 4 
1 15 0 12 
7 9 5 11 
13 3 14 2 

8 10 6 4 
1 0 15 12 
7 9 5 11 
13 3 14 2 

8 10 6 4 
1 9 15 12 
7 0 5 11 
13 3 14 2 

8 10 6 4 
1 9 15 12 
7 5 0 11 
13 3 14 2 

8 10 6 4 
1 9 0 12 
7 5 15 11 
13 3 14 2 

8 10 0 4 
1 9 6 12 
7 5 15 11 
13 3 14 2 

8 0 10 4 
1 9 6 12 
7 5 15 11 
13 3 14 2 

0 8 10 4 
1 9 6 12 
7 5 15 11 
13 3 14 2 

1 8 10 4 
0 9 6 12 
7 5 15 11 
13 3 14 2 

1 8 10 4 
9 0 6 12 
7 5 15 11 
13 3 14 2 

1 0 10 4 
9 8 6 12 
7 5 15 11 
13 3 14 2 

1 10 0 4 
9 8 6 12 
7 5 15 11 
13 3 14 2 

1 10 6 4 
9 8 0 12 
7 5 15 11 
13 3 14 2 

1 10 6 4 
9 0 8 12 
7 5 15 11 
13 3 14 2 

1 10 6 4 
9 5 8 12 
7 0 15 11 
13 3 14 2 

1 10 6 4 
9 5 8 12 
7 3 15 11 
13 0 14 2 

1 10 6 4 
9 5 8 12 
7 3 15 11 
13 14 0 2 

1 10 6 4 
9 5 8 12 
7 3 15 11 
13 14 2 0 

1 10 6 4 
9 5 8 12 
7 3 15 0 
13 14 2 11 

1 10 6 4 
9 5 8 12 
7 3 0 15 
13 14 2 11 

1 10 6 4 
9 5 8 12 
7 3 2 15 
13 14 0 11 

1 10 6 4 
9 5 8 12 
7 3 2 15 
13 14 11 0 

1 10 6 4 
9 5 8 12 
7 3 2 0 
13 14 11 15 

1 10 6 4 
9 5 8 0 
7 3 2 12 
13 14 11 15 

1 10 6 4 
9 5 0 8 
7 3 2 12 
13 14 11 15 

1 10 6 4 
9 5 2 8 
7 3 0 12 
13 14 11 15 

1 10 6 4 
9 5 2 8 
7 0 3 12 
13 14 11 15 

1 10 6 4 
9 5 2 8 
0 7 3 12 
13 14 11 15 

1 10 6 4 
0 5 2 8 
9 7 3 12 
13 14 11 15 

1 10 6 4 
5 0 2 8 
9 7 3 12 
13 14 11 15 

1 0 6 4 
5 10 2 8 
9 7 3 12 
13 14 11 15 

1 6 0 4 
5 10 2 8 
9 7 3 12 
13 14 11 15 

1 6 2 4 
5 10 0 8 
9 7 3 12 
13 14 11 15 

1 6 2 4 
5 10 3 8 
9 7 0 12 
13 14 11 15 

1 6 2 4 
5 10 3 8 
9 0 7 12 
13 14 11 15 

1 6 2 4 
5 0 3 8 
9 10 7 12 
13 14 11 15 

1 0 2 4 
5 6 3 8 
9 10 7 12 
13 14 11 15 

1 2 0 4 
5 6 3 8 
9 10 7 12 
13 14 11 15 

1 2 3 4 
5 6 0 8 
9 10 7 12 
13 14 11 15 

1 2 3 4 
5 6 7 8 
9 10 0 12 
13 14 11 15 

1 2 3 4 
5 6 7 8 
9 10 11 12 
13 14 0 15 

1 2 3 4 
5 6 7 8 
9 10 11 12 
13 14 15 0 

Minimum number of moves = 44

8 10 6 4 
1 15 12 11 
7 9 5 2 
13 3 14 0 

8 10 6 4 
1 15 12 11 
7 9 5 0 
13 3 14 2 

8 10 6 4 
1 15 12 0 
7 9 5 11 
13 3 14 2 

8 10 6 4 
1 15 0 12 
7 9 5 11 
13 3 14 2 

8 10 6 4 
1 0 15 12 
7 9 5 11 
13 3 14 2 

8 10 6 4 
1 9 15 12 
7 0 5 11 
13 3 14 2 

8 10 6 4 
1 9 15 12 
7 5 0 11 
13 3 14 2 

8 10 6 4 
1 9 0 12 
7 5 15 11 
13 3 14 2 

8 10 0 4 
1 9 6 12 
7 5 15 11 
13 3 14 2 

8 0 10 4 
1 9 6 12 
7 5 15 11 
13 3 14 2 

0 8 10 4 
1 9 6 12 
7 5 15 11 
13 3 14 2 

1 8 10 4 
0 9 6 12 
7 5 15 11 
13 3 14 2 

1 8 10 4 
9 0 6 12 
7 5 15 11 
13 3 14 2 

1 0 10 4 
9 8 6 12 
7 5 15 11 
13 3 14 2 

1 10 0 4 
9 8 6 12 
7 5 15 11 
13 3 14 2 

1 10 6 4 
9 8 0 12 
7 5 15 11 
13 3 14 2 

1 10 6 4 
9 0 8 12 
7 5 15 11 
13 3 14 2 

1 10 6 4 
9 5 8 12 
7 0 15 11 
13 3 14 2 

1 10 6 4 
9 5 8 12 
7 3 15 11 
13 0 14 2 

1 10 6 4 
9 5 8 12 
7 3 15 11 
13 14 0 2 

1 10 6 4 
9 5 8 12 
7 3 15 11 
13 14 2 0 

1 10 6 4 
9 5 8 12 
7 3 15 0 
13 14 2 11 

1 10 6 4 
9 5 8 12 
7 3 0 15 
13 14 2 11 

1 10 6 4 
9 5 8 12 
7 3 2 15 
13 14 0 11 

1 10 6 4 
9 5 8 12 
7 3 2 15 
13 14 11 0 

1 10 6 4 
9 5 8 12 
7 3 2 0 
13 14 11 15 

1 10 6 4 
9 5 8 0 
7 3 2 12 
13 14 11 15 

1 10 6 4 
9 5 0 8 
7 3 2 12 
13 14 11 15 

1 10 6 4 
9 5 2 8 
7 3 0 12 
13 14 11 15 

1 10 6 4 
9 5 2 8 
7 0 3 12 
13 14 11 15 

1 10 6 4 
9 5 2 8 
0 7 3 12 
13 14 11 15 

1 10 6 4 
0 5 2 8 
9 7 3 12 
13 14 11 15 

1 10 6 4 
5 0 2 8 
9 7 3 12 
13 14 11 15 

1 0 6 4 
5 10 2 8 
9 7 3 12 
13 14 11 15 

1 6 0 4 
5 10 2 8 
9 7 3 12 
13 14 11 15 

1 6 2 4 
5 10 0 8 
9 7 3 12 
13 14 11 15 

1 6 2 4 
5 10 3 8 
9 7 0 12 
13 14 11 15 

1 6 2 4 
5 10 3 8 
9 0 7 12 
13 14 11 15 

1 6 2 4 
5 0 3 8 
9 10 7 12 
13 14 11 15 

1 0 2 4 
5 6 3 8 
9 10 7 12 
13 14 11 15 

1 2 0 4 
5 6 3 8 
9 10 7 12 
13 14 11 15 

1 2 3 4 
5 6 0 8 
9 10 7 12 
13 14 11 15 

1 2 3 4 
5 6 7 8 
9 10 0 12 
13 14 11 15 

1 2 3 4 
5 6 7 8 
9 10 11 12 
13 14 0 15 

1 2 3 4 
5 6 7 8 
9 10 11 12 
13 14 15 0 
Minimum number of moves = 44

8 10 6 4 
1 15 12 11 
7 9 5 2 
13 3 14 0 

8 10 6 4 
1 15 12 11 
7 9 5 0 
13 3 14 2 

8 10 6 4 
1 15 12 0 
7 9 5 11 
13 3 14 2 

8 10 6 4 
1 15 0 12 
7 9 5 11 
13 3 14 2 

8 10 6 4 
1 0 15 12 
7 9 5 11 
13 3 14 2 

8 10 6 4 
1 9 15 12 
7 0 5 11 
13 3 14 2 

8 10 6 4 
1 9 15 12 
7 5 0 11 
13 3 14 2 

8 10 6 4 
1 9 0 12 
7 5 15 11 
13 3 14 2 

8 10 0 4 
1 9 6 12 
7 5 15 11 
13 3 14 2 

8 0 10 4 
1 9 6 12 
7 5 15 11 
13 3 14 2 

0 8 10 4 
1 9 6 12 
7 5 15 11 
13 3 14 2 

1 8 10 4 
0 9 6 12 
7 5 15 11 
13 3 14 2 

1 8 10 4 
9 0 6 12 
7 5 15 11 
13 3 14 2 

1 0 10 4 
9 8 6 12 
7 5 15 11 
13 3 14 2 

1 10 0 4 
9 8 6 12 
7 5 15 11 
13 3 14 2 

1 10 6 4 
9 8 0 12 
7 5 15 11 
13 3 14 2 

1 10 6 4 
9 0 8 12 
7 5 15 11 
13 3 14 2 

1 10 6 4 
9 5 8 12 
7 0 15 11 
13 3 14 2 

1 10 6 4 
9 5 8 12 
7 3 15 11 
13 0 14 2 

1 10 6 4 
9 5 8 12 
7 3 15 11 
13 14 0 2 

1 10 6 4 
9 5 8 12 
7 3 15 11 
13 14 2 0 

1 10 6 4 
9 5 8 12 
7 3 15 0 
13 14 2 11 

1 10 6 4 
9 5 8 12 
7 3 0 15 
13 14 2 11 

1 10 6 4 
9 5 8 12 
7 3 2 15 
13 14 0 11 

1 10 6 4 
9 5 8 12 
7 3 2 15 
13 14 11 0 

1 10 6 4 
9 5 8 12 
7 3 2 0 
13 14 11 15 

1 10 6 4 
9 5 8 0 
7 3 2 12 
13 14 11 15 

1 10 6 4 
9 5 0 8 
7 3 2 12 
13 14 11 15 

1 10 6 4 
9 5 2 8 
7 3 0 12 
13 14 11 15 

1 10 6 4 
9 5 2 8 
7 0 3 12 
13 14 11 15 

1 10 6 4 
9 5 2 8 
0 7 3 12 
13 14 11 15 

1 10 6 4 
0 5 2 8 
9 7 3 12 
13 14 11 15 

1 10 6 4 
5 0 2 8 
9 7 3 12 
13 14 11 15 

1 0 6 4 
5 10 2 8 
9 7 3 12 
13 14 11 15 

1 6 0 4 
5 10 2 8 
9 7 3 12 
13 14 11 15 

1 6 2 4 
5 10 0 8 
9 7 3 12 
13 14 11 15 

1 6 2 4 
5 10 3 8 
9 7 0 12 
13 14 11 15 

1 6 2 4 
5 10 3 8 
9 0 7 12 
13 14 11 15 

1 6 2 4 
5 0 3 8 
9 10 7 12 
13 14 11 15 

1 0 2 4 
5 6 3 8 
9 10 7 12 
13 14 11 15 

1 2 0 4 
5 6 3 8 
9 10 7 12 
13 14 11 15 

1 2 3 4 
5 6 0 8 
9 10 7 12 
13 14 11 15 

1 2 3 4 
5 6 7 8 
9 10 0 12 
13 14 11 15 

1 2 3 4 
5 6 7 8 
9 10 11 12 
13 14 0 15 

1 2 3 4 
5 6 7 8 
9 10 11 12 
13 14 15 0 



